1 	10000	0
3	62782	0
5 	16373	0
9 	36729	1
12	12356	2
16	13562   3
13	67882	6
2	20000	2
4	56232	3
6	16372	8
8	53262	2
7	12532	7
10	52362	8
14	21653	2
11	49583	0
78	24362	9
15	98766	7
17	36482	3
18	36483	6
89	15236	5
19	12362	2
20	78976	3
25	16322	2
29	12532	1
23	37483	2
67	46732	0	
21	15481	2
22	23568	9
28	12536	2
30	18967	3
24	21417	8
26	32263	0
33	12356	6	
37	12432	7
39	42151	9
40	22361	5
32	12432	8	
35	32451	0
31	42351	3
34	23516	7
36	12722	8
38	62738	5
49	12356	7
50	12536	4
42	27348	2
43	23539	9
44	98364	7
41	23561	7
47	21352	2
49	12432	8
48	23451	2
45	23512	3
46	52351	2
51	23562	2
53	21562	3
54	23412	2
52	21372	7
56	23162	2
55	47382	1
58	25361	2
57	23452	4
59	12362	2
60	27782	5
61	77962	2
63	79562	3
64	87412	2
62	66372	7
66	27162	2
65	46382	1
68	45361	2
77	34452	4
69	24362	2
70	12312	5
72	21356	2
74	21362	2
71	21456	2
73	73842	2
76	46733	9
75	52362	7
80	15223	0
79	43262	6
82	12536	2
84	32456	4
88	21456	9	
86	24122	5	
81	32562	3
83	21361	7
85	35612	8
90	31562	3
87	12456	4
99	51236	2
93	12342	2
91	21563	8
92	12346	2
94	25136	5
95	32562	2
96	23145	2
97	23452	1
98	23461	2
0	23456	1